===== OLLAMA RAW RESPONSE =====

Generation ID: gen-ed97e90efa37

{"model":"gemma4:e4b","created_at":"2026-07-25T17:29:57.567431Z","response":"On Completion of this course student will be able to:\n*   CO1: To Identify and explore the basic features and modalities of Indian constitution.\n*   CO2: To Differentiate and relate the functioning of Indian parliamentary system at the centre and state level.\n*   CO3: To Differentiate the various aspects of Indian Legal System and its related bodi","done":true,"done_reason":"stop","context":[2,105,9731,107,98,107,3048,659,50573,34466,236761,108,3048,659,614,18315,2354,23680,16326,236761,108,10896,44917,506,3847,2354,4403,236761,108,6294,711,1161,4782,4654,236761,108,6294,711,4102,506,2354,236761,108,6294,711,10149,11091,236761,108,6294,711,49573,56124,3004,236761,108,7925,1186,699,506,17686,4914,236761,108,2859,506,3890,563,47713,236764,15148,7121,236787,108,236789,236777,1451,711,1586,672,1938,528,506,12040,7085,106,107,105,2364,107,6977,2119,108,132104,108,236840,110556,171548,236842,108,84611,107,4163,236743,236778,236778,107,171276,236787,236743,236771,236761,236810,236770,107,4795,236787,107,236794,236778,236800,603,236761,136383,236761,196217,236769,163584,236798,236768,236743,107,236743,107,236743,107,236743,107,35012,7343,236787,20901,529,4673,138,107,35012,8739,236787,50835,236770,236771,236800,236743,107,47453,236787,236743,236771,236770,138,107,3771,236761,529,36421,236787,236743,236770,236778,236743,107,3778,218301,236787,52001,236743,107,236743,107,27216,129421,236787,138,2791,94986,529,672,3003,5117,795,577,2735,531,236743,107,2457,236770,236787,138,2021,49644,532,11327,506,6079,4065,532,79237,529,6225,24061,236761,138,107,2457,236778,236787,138,2021,622,229313,532,23194,506,28488,529,6225,54299,1458,657,506,9317,236743,107,624,1883,1984,236761,138,107,2457,236800,236787,2282,622,229313,506,3572,10217,529,6225,28553,1804,532,1061,4596,518,19325,108,84611,107,4163,236743,236800,236828,107,171276,236787,236743,236771,236761,236812,236825,107,4795,236787,107,19072,616,531,3449,15605,12466,529,3572,6436,236743,107,624,8403,901,1161,528,7157,10630,532,4596,8459,6182,236761,669,3003,1093,992,128382,89065,236743,107,131016,1280,3666,4814,529,506,3272,532,740,2619,14496,529,506,12763,3853,6657,684,6647,532,10630,528,236743,107,1437,2913,529,861,10952,236761,236743,107,236743,107,27216,102465,568,2457,236751,1473,236743,107,6259,21667,506,3003,3272,236858,1374,577,2735,531,236743,107,236743,107,2457,236743,107,9770,236743,107,2457,236770,107,70351,6079,12466,529,13678,236764,14285,14770,532,50894,220129,236761,107,2457,108,236840,114340,2850,171548,236842,108,84611,107,4163,236743,236812,236810,107,171276,236787,236743,236771,236761,236812,236825,107,4795,236787,107,741,7235,13726,32775,5434,138,107,2457,236743,236800,236787,2282,1668,506,5596,531,6611,506,4342,4596,531,2141,38277,236858,6540,236764,14385,532,1061,22907,236743,107,18857,531,5510,506,1638,528,506,29944,236772,19413,3535,18783,528,1861,16613,236743,107,565,236771,236743,236812,236787,669,3272,659,2735,531,23194,833,5608,6225,30036,1804,528,506,2404,2065,236764,13217,236764,236743,107,139667,138,236880,1032,3797,783,236743,107,236743,107,7988,236772,236770,167,154,236800,236798,236743,107,2267,21385,529,6225,30036,1804,568,236777,14488,1473,564,108,142022,108,1914,805,659,506,3003,15187,529,6225,106959,804,108,173908,106,107,105,4368,107,100,45518,107,120474,12364,236787,108,236770,236761,138,1018,115863,506,16499,53121,669,2430,563,10980,573,506,623,17540,15187,529,6225,20901,1781,107,236778,236761,138,1018,1683,13572,506,21685,17605,53121,564,1202,531,13952,784,3847,7704,568,32663,532,79127,38018,236768,573,1938,4596,531,623,38277,20901,236775,532,1061,623,27216,102465,1781,108,140,236829,139,1018,4163,236743,236778,236778,568,32663,38018,1473,1018,107,144,236829,139,35012,7343,236787,20901,529,4673,107,144,236829,139,35012,8739,236787,50835,236770,236771,236800,107,144,236829,139,47453,236787,236743,236771,236770,107,144,236829,139,1390,107,144,236829,139,27216,129421,236787,2154,94986,529,672,3003,5117,795,577,2735,531,107,144,236829,139,2457,236770,236787,2282,49644,532,11327,506,6079,4065,532,79237,529,6225,24061,236761,107,144,236829,139,2457,236778,236787,2282,622,229313,532,23194,506,28488,529,6225,54299,1458,657,506,9317,532,1883,1984,236761,107,144,236829,139,2457,236800,236787,2282,622,229313,506,3572,10217,529,6225,28553,1804,532,1061,4596,518,19325,108,140,236829,139,1018,4163,236743,236800,236828,568,32663,38018,1473,1018,56571,507,13678,236764,14285,14770,236764,50894,220129,236764,4044,236761,3790,7798,531,623,201840,529,4673,1781,108,140,236829,139,1018,4163,236743,236812,236810,568,134242,38018,1473,1018,56571,507,756,38277,236789,6540,236764,14385,236764,6225,30036,1804,568,236777,14488,769,3790,10916,1003,506,20901,529,4673,3003,15187,236761,108,236800,236761,138,1018,142231,136211,506,25685,53121,669,3149,1938,563,8207,2487,580,11338,236743,236778,236778,236761,108,236812,236761,138,1018,3045,7235,506,14503,53121,4361,506,2671,236751,7121,618,901,3196,528,506,2354,236761,101,2791,94986,529,672,3003,5117,795,577,2735,531,236787,107,236829,139,2457,236770,236787,2282,49644,532,11327,506,6079,4065,532,79237,529,6225,24061,236761,107,236829,139,2457,236778,236787,2282,622,229313,532,23194,506,28488,529,6225,54299,1458,657,506,9317,532,1883,1984,236761,107,236829,139,2457,236800,236787,2282,622,229313,506,3572,10217,529,6225,28553,1804,532,1061,4596,518,19325],"total_duration":30284251400,"load_duration":20157099900,"prompt_eval_count":536,"prompt_eval_duration":434943000,"eval_count":394,"eval_duration":9680944000}

===== RAW GENERATED ANSWER =====

Generation ID: gen-ed97e90efa37

On Completion of this course student will be able to:
*   CO1: To Identify and explore the basic features and modalities of Indian constitution.
*   CO2: To Differentiate and relate the functioning of Indian parliamentary system at the centre and state level.
*   CO3: To Differentiate the various aspects of Indian Legal System and its related bodi

===== GENERATION SUMMARY =====

Generation ID: gen-ed97e90efa37
Latency: 30.603s
Answer length: 349
First 100 characters of answer: On Completion of this course student will be able to:
*   CO1: To Identify and explore the basic fea
